[136 170 199][129 168 202][127 169 207][139 178 214][139 180 217][141 182 219][147 187 222][152 190 225][153 187 219][155 193 227][152 192 227][152 193 228][157 196 230][170 205 233][163 200 231][167 203 233][169 204 233][169 205 233][176 209 235][181 212 235][191 219 238][196 221 239][190 217 236][194 220 236][201 223 236][201 223 234][194 218 230][206 224 230][206 222 227][180 201 212]
[134 172 204][137 177 211][139 180 216][146 186 221][144 186 223][141 157 184][154 192 225][125 127 145][160 134 144][158 198 232][159 199 233][158 199 234][161 201 234][177 212 238][176 211 239][186 217 241][199 226 246][195 223 244][194 222 243][197 224 243][200 225 244][204 229 245][215 235 246][208 230 243][206 229 242][211 232 242][202 225 237][206 227 235][198 220 229][181 205 218]
[142 180 210][144 183 217][149 189 222][146 187 221][136 165 197][80 64 75][75 40 43][37 16 25][196 140 130][161 192 221][164 204 236][168 207 238][172 210 239][185 218 242][198 226 246][197 226 247][202 229 248][209 233 249][214 236 249][221 241 251][203 229 247][197 226 246][220 241 250][210 233 246][199 226 243][202 228 243][202 227 240][203 227 237][200 223 233][176 204 221]
[143 182 214][154 192 221][156 182 208][152 172 199][154 171 195][97 71 78][89 76 92][87 83 100][201 153 144][168 190 214][184 217 240][186 220 243][192 223 246][196 226 247][196 226 247][197 227 247][196 226 248][203 231 249][218 241 252][216 240 252][193 225 247][197 228 247][217 240 250][207 233 247][200 228 245][202 229 244][211 234 244][205 229 240][187 217 232][174 205 224]
[149 185 214][160 171 190][160 179 201][161 172 194][159 193 219][149 100 94][167 184 205][131 148 170][207 158 146][177 213 238][179 199 218][190 223 246][192 225 247][193 225 247][200 229 249][206 234 250][210 236 251][203 232 250][200 231 249][195 227 248][194 226 247][205 233 249][212 237 249][197 228 246][197 228 244][200 229 244][194 225 241][196 225 239][210 231 238][210 229 233]
[158 171 190][163 175 191][170 186 203][175 207 227][170 203 224][158 107 97][177 191 206][145 164 181][210 150 133][184 217 239][179 210 232][183 210 231][186 222 246][192 226 247][195 228 249][194 228 248][194 227 248][193 227 248][193 227 248][193 227 248][190 225 247][197 229 247][195 227 246][197 228 245][198 228 244][199 229 243][215 237 244][223 242 244][224 241 242][222 236 237]
[161 169 183][167 195 213][172 206 225][176 209 228][182 210 225][127 91 87][131 128 136][104 93 99][197 141 126][188 206 220][192 223 241][188 209 225][192 224 243][192 227 247][197 230 248][197 230 248][197 230 249][196 229 248][193 228 248][193 228 248][193 228 247][196 229 247][203 233 247][213 239 247][217 240 246][218 240 244][220 240 243][220 239 241][215 236 238][210 229 231]
[161 197 217][165 199 217][172 207 223][183 213 227][182 211 224][73 67 75][45 21 29][57 27 33][210 146 124][212 226 229][202 218 226][203 229 240][200 217 226][203 234 247][203 234 248][203 235 249][205 236 249][206 237 249][207 237 249][207 237 249][206 237 249][211 240 249][213 241 248][212 240 247][213 240 246][211 238 244][216 240 244][218 241 243][199 229 237][194 224 232]
[169 202 215][170 201 214][175 208 220][181 212 223][184 211 220][117 81 78][175 159 158][155 154 157][211 147 124][228 239 235][232 235 225][231 235 227][232 242 236][218 231 231][218 244 249][214 242 249][211 241 249][211 241 250][213 243 249][219 245 250][222 247 250][215 244 249][212 242 248][215 243 247][219 244 246][218 243 245][209 239 243][202 234 240][198 231 237][193 226 232]
[175 205 212][176 205 211][182 211 217][189 216 221][195 216 218][153 97 82][213 193 183][172 168 166][213 147 122][221 237 234][224 240 237][218 226 221][232 242 234][237 239 225][237 245 234][229 249 247][224 248 248][221 247 248][219 247 248][221 248 248][222 248 248][221 248 247][222 248 247][226 249 245][218 246 244][215 243 242][212 242 241][210 239 238][209 237 235][208 234 231]
[183 208 208][186 209 207][195 216 214][204 221 217][201 219 215][149 95 80][217 193 175][173 169 162][209 141 113][236 240 223][239 243 225][231 238 225][229 232 218][236 244 228][227 235 222][232 247 236][233 251 239][233 251 239][234 252 239][235 252 238][237 252 237][237 252 237][235 252 237][235 252 236][234 251 235][232 250 235][231 249 233][230 248 232][225 245 229][219 240 225]
[192 209 198][194 209 198][200 216 204][204 220 207][204 219 206][98 70 66][115 91 87][105 77 73][190 120 93][229 237 217][230 239 219][228 236 215][231 242 222][224 225 205][233 244 223][226 230 210][236 248 227][235 248 227][236 249 226][237 249 226][238 249 225][239 249 224][239 249 223][239 248 222][238 248 221][215 221 198][209 214 192][233 243 217][229 240 214][222 235 211]
[200 204 182][199 204 182][206 210 188][212 214 191][213 213 189][73 57 57][45 18 25][67 27 27][189 112 82][227 225 197][233 226 199][230 223 195][233 228 200][231 225 197][228 216 188][233 228 200][231 220 191][241 236 205][239 235 206][240 236 205][239 236 205][236 235 204][231 232 201][232 233 202][232 232 201][196 192 166][192 188 162][227 228 196][224 226 194][222 223 191]
[176 172 157][179 173 156][184 179 161][188 182 164][186 180 162][101 59 52][169 122 102][138 110 98][182 102 72][200 190 170][201 191 171][200 188 169][203 194 174][202 191 171][205 194 173][199 181 160][188 179 161][196 182 162][202 194 173][193 186 167][167 167 154][151 155 149][139 145 140][130 138 136][117 126 126][121 115 109][138 128 115][166 166 148][155 158 145][151 153 141]
[126 129 130][129 130 130][114 122 126][122 127 128][123 126 126][114 56 47][162 116 99][111 94 93][163 83 58][107 115 119][96 106 111][107 110 112][117 123 125][112 117 120][104 113 118][93 101 107][87 87 90][73 82 86][69 75 78][53 71 77][54 72 78][59 77 82][61 78 82][63 79 83][63 74 76][66 62 63][70 65 63][58 71 70][63 74 70][63 74 70]
[86 101 111][86 99 108][89 104 114][83 99 108][84 98 107][105 50 42][137 95 81][81 72 76][156 76 51][80 93 102][75 89 98][81 90 98][76 91 100][72 83 91][66 81 88][64 76 83][61 72 79][71 74 78][68 71 75][64 67 69][48 64 69][47 63 68][48 63 67][52 64 67][64 67 67][70 65 63][85 70 64][80 81 72][84 88 74][80 84 72]
[87 113 129][91 114 128][94 119 134][98 121 136][101 122 135][103 54 49][147 107 99][98 93 99][159 79 56][119 134 142][120 136 144][124 136 143][126 142 148][124 137 143][119 134 140][111 126 132][103 117 124][87 101 107][82 89 94][71 71 76][70 64 64][60 61 63][58 58 60][76 62 58][95 61 54][86 59 54][68 57 56][93 89 75][63 69 61][70 76 68]
[81 108 125][84 107 123][86 113 129][90 115 129][93 116 129][58 36 41][62 31 35][76 43 43][171 79 50][111 127 136][113 129 138][113 126 134][113 130 138][114 128 135][113 130 138][114 129 137][113 128 136][114 130 137][117 130 137][113 124 130][90 92 97][98 69 64][116 68 59][116 99 95][100 114 120][67 75 80][54 57 59][96 101 96][114 126 128][113 127 130]
[74 102 119][78 102 118][79 108 124][84 108 123][86 109 122][41 30 38][35 12 19][67 23 22][172 77 45][108 123 131][109 124 132][111 123 130][110 124 131][114 127 133][115 129 136][114 128 135][114 127 133][108 112 116][85 80 84][98 61 54][115 62 52][122 101 98][121 136 139][119 137 141][120 137 141][74 87 90][58 67 67][117 129 130][123 137 140][121 136 138]
[66 92 108][68 91 105][67 94 109][71 93 107][73 95 107][59 33 37][104 66 60][81 61 62][172 75 43][102 116 124][104 120 127][108 119 125][109 124 130][111 123 128][112 122 127][99 96 99][76 64 66][90 52 47][127 67 53][116 93 89][118 131 134][115 133 138][115 133 137][115 133 136][114 131 134][85 100 101][80 93 93][117 131 134][120 135 138][119 134 136]
[59 84 98][61 84 98][61 88 102][67 88 100][66 88 100][71 36 37][137 84 67][81 70 73][170 72 39][81 97 106][83 100 107][87 100 107][95 98 103][81 75 78][71 54 56][95 50 44][116 50 38][99 69 67][115 121 120][104 123 129][106 124 130][107 125 130][110 127 131][112 129 132][102 118 120][74 88 88][88 101 103][112 127 130][115 130 132][114 129 132]
[53 78 91][56 78 90][54 81 93][59 80 91][59 81 91][77 38 36][135 78 61][74 65 67][171 70 37][74 89 96][80 76 79][69 58 60][62 45 46][104 51 42][121 47 34][105 65 60][89 95 97][81 101 107][80 101 106][78 99 106][80 100 106][82 101 106][81 101 106][74 92 94][64 80 81][65 81 82][80 96 99][93 110 113][96 113 115][99 116 118]
[47 71 83][53 77 88][54 80 91][58 79 89][60 80 90][78 40 38][134 77 60][77 63 64][170 67 32][62 48 51][60 45 47][106 49 41][116 45 34][110 59 52][98 93 94][81 101 108][84 105 111][84 104 110][86 106 112][85 106 112][86 105 110][82 102 107][78 96 99][66 83 83][62 80 80][67 84 86][70 89 91][81 100 102][79 98 102][92 104 103]
[47 70 82][48 70 81][49 73 84][53 73 83][55 68 76][61 30 30][100 45 34][52 29 31][164 61 29][103 42 31][123 44 30][103 50 42][93 77 75][77 95 100][74 94 100][79 98 104][76 97 103][76 97 103][71 93 99][73 94 99][76 95 99][69 88 92][63 80 81][60 77 77][65 81 83][65 83 85][67 86 88][80 97 99][78 97 100][74 92 94]
[45 67 78][45 67 78][49 68 77][59 61 67][41 36 40][20 23 29][59 30 28][58 22 20][116 36 22][110 42 29][93 65 59][67 81 85][61 80 86][62 83 88][62 83 88][64 84 88][64 84 90][66 86 91][68 89 94][66 87 92][64 83 86][64 81 83][57 73 73][57 73 74][63 80 81][60 79 82][68 86 88][70 89 92][73 92 94][71 90 91]
[45 59 68][43 47 55][45 35 38][22 27 34][68 36 31][105 41 27][112 36 20][75 24 18][146 50 23][74 73 73][56 76 81][55 75 80][56 77 82][55 76 80][56 76 80][55 77 82][59 80 84][59 79 84][62 81 85][60 80 84][57 74 77][49 66 67][54 70 71][59 76 77][58 76 78][59 78 80][65 83 84][66 85 87][66 85 87][62 81 83]
[39 32 35][18 23 31][60 38 37][89 33 24][96 35 25][64 22 17][94 30 18][61 23 20][168 60 27][55 67 71][54 73 78][52 71 76][49 69 74][54 73 77][55 75 79][50 72 78][51 72 76][55 75 79][49 67 71][49 66 69][50 67 69][47 63 65][48 64 66][51 68 70][51 68 71][49 66 69][50 67 70][53 71 74][49 67 70][52 70 72]
[23 22 23][47 27 16][77 36 18][74 32 27][71 39 36][46 24 25][21 13 18][37 27 30][161 56 26][41 59 66][45 63 68][47 66 70][46 66 71][48 68 72][49 68 72][47 68 73][46 66 71][46 65 70][46 63 67][45 61 64][42 57 60][47 61 63][43 57 61][45 60 63][45 60 63][43 58 62][43 60 63][45 62 65][42 59 62][41 58 61]
[40 25 12][26 19 9][35 23 10][58 45 32][34 49 55][23 22 28][42 14 15][24 25 31][156 53 24][40 55 62][39 57 63][43 60 65][39 57 64][44 62 67][46 64 68][42 60 66][42 60 65][40 57 62][40 56 60][39 53 56][39 52 56][42 54 57][41 54 57][38 52 56][42 56 59][41 56 59][41 56 60][39 55 59][42 58 61][38 53 57]
[23 24 9][17 20 9][27 25 10][41 32 12][55 49 26][28 29 26][95 34 20][19 14 19][150 49 22][40 50 56][35 50 57][36 52 59][37 54 60][36 51 58][40 55 60][39 54 60][36 52 57][34 49 54][31 44 49][32 44 48][37 48 51][38 50 51][37 49 48][44 52 46][41 55 57][41 55 58][37 52 56][38 52 56][34 50 54][32 47 51]