[28 140 96][67 159 115][13 132 81][50 162 117][52 158 106][112 112 13][155 161 45][143 147 35][169 38 20][197 52 37][96 86 32][69 169 83][80 175 89][128 88 33][232 59 36][244 73 50][219 32 15][224 54 27][232 64 37][208 31 16][205 60 42][155 48 50][43 60 113][66 89 137][115 32 54][141 22 18][85 22 37][109 82 31][165 128 18][149 44 12]
[23 123 144][71 149 117][23 85 56][40 123 84][51 119 71][98 50 20][80 199 140][83 194 135][141 56 32][196 53 42][114 54 27][47 156 69][59 171 79][72 45 21][221 53 28][242 70 41][160 32 11][222 57 33][229 71 49][181 27 14][195 64 51][112 37 50][14 36 87][67 48 84][181 43 30][156 37 32][29 56 113][47 77 120][126 93 9][160 112 10]
[84 143 226][43 110 122][133 60 51][113 50 31][144 36 15][152 103 76][47 190 123][64 186 121][86 85 49][158 20 16][70 36 48][27 66 40][19 117 33][47 146 47][118 75 21][190 83 7][168 110 4][193 56 14][169 47 21][121 29 23][119 41 55][31 24 63][29 51 104][96 25 45][191 55 38][129 46 37][34 74 112][65 99 139][144 127 37][183 154 31]
[64 129 209][101 84 142][234 92 89][236 69 54][194 33 22][183 72 52][49 175 117][72 178 119][124 92 61][230 74 68][128 102 125][44 71 99][40 140 52][88 177 88][73 150 57][187 144 1][220 171 3][109 111 21][32 73 40][94 47 55][67 81 127][41 72 128][46 80 134][36 24 50][118 35 18][109 152 98][97 159 118][78 88 119][153 116 32][181 148 31]
[71 129 199][116 78 122][235 73 72][236 67 58][192 35 19][210 64 57][82 116 78][43 153 111][203 69 52][247 84 68][200 76 74][57 105 142][38 146 64][76 177 92][80 168 75][196 153 3][228 178 13][110 117 16][89 99 37][78 72 62][63 89 141][63 92 142][24 31 73][124 14 14][88 64 38][112 163 111][119 174 121][104 46 35][207 73 62][150 87 14]
[41 134 172][114 120 91][226 67 56][225 58 44][78 20 3][104 34 43][38 34 56][35 75 135][203 58 64][244 79 70][202 71 72][34 76 117][21 111 47][58 170 85][91 124 53][179 94 6][199 148 3][125 175 79][129 186 120][109 117 51][53 89 134][57 90 135][69 24 43][175 39 28][136 66 37][109 167 111][120 165 108][175 45 30][224 65 50][156 50 36]
[86 173 130][116 197 132][115 68 38][169 70 8][82 27 10][67 98 162][63 97 147][14 39 83][146 39 48][239 55 50][122 33 46][25 74 135][36 107 136][48 85 41][184 57 24][247 80 48][161 51 16][117 177 106][127 187 123][144 156 53][41 61 75][57 81 122][43 49 53][104 82 50][92 40 20][55 143 74][110 70 33][168 26 12][215 62 47][135 42 30]
[110 193 147][125 196 143][147 150 46][220 183 52][181 147 24][65 104 172][74 103 169][42 35 69][180 32 20][190 25 16][90 77 121][48 113 182][66 112 162][61 40 54][216 50 31][238 77 52][176 48 20][106 163 90][123 188 119][91 93 33][10 20 34][17 46 74][34 133 87][72 161 110][33 128 70][63 144 92][75 72 35][134 53 5][160 52 9][75 127 82]
[89 166 132][103 167 127][155 143 18][223 183 22][206 168 8][76 93 141][75 101 163][79 33 44][212 49 31][175 55 60][62 122 197][73 129 206][64 117 175][30 83 63][180 53 26][229 81 54][143 76 11][141 140 18][143 156 33][97 84 14][21 86 40][17 99 56][46 152 95][70 164 113][36 142 83][65 146 95][135 146 22][244 196 28][187 164 16][59 152 93]
[12 47 52][32 98 128][112 110 58][218 165 23][175 131 10][26 33 62][25 58 115][49 35 55][199 45 34][161 48 60][58 117 197][74 130 197][27 110 139][47 129 61][115 158 86][177 113 34][180 141 2][220 191 45][204 175 11][132 131 18][43 127 63][42 134 78][29 125 71][49 155 103][17 62 34][48 99 47][195 164 4][252 202 26][245 192 15][59 144 78]
[13 46 101][67 115 184][91 94 132][179 91 7][174 60 22][61 29 41][59 97 152][67 82 122][231 77 71][232 66 63][64 96 161][47 129 174][22 122 57][68 159 85][133 206 134][134 181 88][177 147 3][215 186 35][202 174 18][95 94 10][25 106 44][30 111 47][19 46 52][25 53 63][80 23 7][185 70 15][213 155 2][247 196 24][239 184 17][60 110 41]
[15 48 104][96 92 144][249 101 97][249 89 75][219 97 79][202 119 41][110 122 118][117 79 106][253 75 63][253 80 68][97 84 42][45 143 80][45 148 67][64 144 74][126 199 128][124 174 94][127 97 4][211 173 17][131 117 15][37 78 96][17 69 66][123 127 18][117 114 60][47 61 99][109 66 68][210 96 42][208 109 4][229 178 4][158 138 53][55 109 146]
[39 20 44][130 56 88][254 84 76][254 90 79][234 110 35][252 213 72][246 198 40][113 66 70][249 75 63][252 86 74][107 101 44][48 150 64][45 138 65][43 92 48][109 193 112][164 162 45][165 98 10][180 115 6][112 122 37][126 201 131][110 156 87][209 183 42][216 180 14][39 86 116][57 143 218][94 125 174][181 64 15][151 105 3][67 98 131][76 122 185]
[56 24 21][115 85 68][253 87 88][253 95 83][243 134 21][254 202 30][252 199 26][189 71 22][237 47 33][224 68 38][59 106 27][109 189 119][117 202 131][60 174 113][116 158 47][200 122 6][251 98 65][250 95 61][144 154 75][135 202 139][136 195 102][208 179 15][248 218 27][237 217 52][98 153 189][49 135 220][64 33 32][65 44 6][53 88 133][63 111 185]
[15 80 69][59 139 97][204 84 71][228 54 41][216 91 13][251 194 40][249 189 25][249 88 46][221 45 27][160 51 6][89 93 30][131 202 135][129 216 137][95 185 120][98 162 83][207 90 10][254 86 58][254 96 70][177 139 76][136 199 137][120 185 97][194 169 5][254 229 53][254 230 57][167 177 109][60 131 211][77 36 21][181 139 12][149 132 52][90 90 122]
[67 133 223][63 143 158][83 121 87][205 41 25][250 85 52][231 118 12][160 88 10][250 68 40][223 53 31][122 97 55][48 111 72][128 207 134][127 217 133][76 163 102][62 112 60][168 63 7][251 69 46][253 98 76][141 121 54][110 178 96][94 143 68][156 151 18][254 216 25][254 221 37][179 159 79][84 74 121][127 63 59][165 144 38][202 164 33][168 63 5]
[71 130 219][66 131 191][99 112 85][238 75 58][254 96 69][238 56 29][83 28 5][233 60 39][165 93 55][95 196 137][87 194 138][114 149 89][142 151 89][60 86 31][64 104 42][132 108 29][233 61 25][213 72 38][101 121 55][104 129 57][111 119 31][228 183 18][251 195 6][254 207 24][248 126 26][152 55 45][66 124 190][88 137 173][177 136 16][77 45 9]
[76 131 219][59 123 175][76 86 44][240 79 63][253 103 82][235 67 39][69 75 24][110 51 22][98 109 71][71 187 128][85 189 133][161 66 41][219 55 39][137 56 26][58 150 124][86 155 107][172 92 8][32 37 7][211 111 37][247 138 69][191 126 10][247 192 26][229 166 4][251 122 4][253 109 34][214 106 70][71 123 187][72 128 186][140 113 37][152 111 22]
[42 120 214][47 143 136][76 157 78][192 65 30][253 81 53][163 70 33][83 140 93][44 128 74][31 94 90][70 178 123][88 178 122][206 51 38][242 61 56][141 62 84][93 135 193][79 127 155][71 39 12][62 31 23][253 123 46][253 136 71][244 132 21][242 183 21][226 158 17][252 96 13][253 114 47][224 104 57][57 109 178][77 116 162][166 129 10][162 122 14]
[13 113 75][57 169 94][76 170 84][55 63 20][89 37 14][74 69 24][70 153 103][56 161 106][29 86 130][67 145 146][73 87 102][225 48 43][242 90 86][100 75 120][84 119 183][91 110 169][199 86 29][183 80 41][253 119 46][254 127 59][209 111 25][204 141 5][212 145 3][219 93 10][253 116 48][159 77 57][31 67 134][74 73 57][221 179 44][206 164 28]
[16 107 72][80 179 109][93 141 58][226 110 40][247 118 49][146 95 16][63 140 86][44 122 81][28 60 90][43 101 166][30 47 85][155 36 56][208 55 41][110 90 98][89 120 179][124 107 148][252 133 82][254 119 48][240 97 32][253 116 45][121 68 11][223 179 26][253 221 62][158 112 13][110 51 17][50 47 85][89 114 175][116 112 83][229 183 36][221 179 34]
[8 45 71][30 141 80][125 95 30][254 119 54][254 131 70][222 119 25][83 57 12][55 113 101][47 122 117][28 48 56][20 89 155][42 89 159][96 74 31][212 158 26][131 131 120][210 101 54][254 116 49][254 121 53][100 32 13][193 32 9][167 36 5][254 202 25][253 219 52][225 163 27][131 15 5][62 44 80][89 114 172][114 89 83][214 168 16][190 151 40]
[7 18 66][16 31 70][133 52 30][254 110 40][254 120 57][218 102 27][48 43 22][75 133 125][82 141 135][19 87 119][43 117 194][56 135 222][153 141 76][250 193 17][245 189 29][233 119 18][253 124 64][251 113 55][158 43 27][224 42 22][230 54 22][252 174 21][253 203 46][244 153 29][246 76 51][166 57 69][69 74 113][188 150 29][221 182 11][61 45 46]
[17 17 39][4 15 44][84 65 89][252 100 36][253 117 60][142 90 91][19 84 134][62 122 119][100 144 136][38 81 104][54 127 209][83 146 226][152 125 67][253 202 47][252 207 61][149 89 13][201 93 17][213 67 31][253 114 94][252 96 64][234 42 22][226 92 12][242 159 14][237 91 23][253 117 98][251 91 69][84 51 7][225 186 16][239 201 18][97 119 96]
[15 15 36][5 22 56][25 81 142][145 82 77][150 70 53][76 98 158][41 131 210][38 87 87][117 126 55][165 122 23][77 122 164][89 98 160][210 63 29][235 155 24][214 161 17][248 191 24][242 196 40][212 81 37][254 98 73][254 98 75][241 59 38][253 111 83][215 94 58][210 42 23][252 96 75][253 93 74][98 135 54][211 179 14][237 198 21][103 140 138]
[8 21 33][17 98 61][15 93 115][33 71 122][11 50 98][42 103 172][52 114 179][49 68 51][238 192 29][251 211 63][189 116 15][175 38 26][252 103 86][197 64 26][172 121 8][254 214 44][254 222 51][250 127 34][253 99 78][253 101 81][252 71 51][252 113 94][254 94 71][206 30 19][252 71 54][216 82 69][77 154 80][102 139 40][132 137 68][55 118 189]
[21 124 72][85 192 115][58 164 84][17 33 48][15 40 62][41 85 138][38 65 119][87 56 16][251 193 16][254 210 43][225 158 17][218 57 30][253 97 80][235 88 36][213 149 6][254 218 49][254 222 62][161 98 19][244 73 51][212 65 48][205 54 40][253 95 73][254 89 68][184 38 33][148 25 30][98 75 125][82 128 155][28 84 54][9 31 66][10 64 133]
[27 160 77][74 184 94][72 179 87][83 77 25][107 73 6][98 88 49][167 82 56][247 117 39][252 163 14][253 203 51][218 141 20][200 56 26][250 82 57][213 101 20][192 133 4][248 198 29][241 191 33][68 54 14][88 35 18][132 43 29][150 48 44][253 72 56][218 57 50][91 11 16][59 33 62][90 120 186][81 123 190][32 47 58][20 56 97][37 105 177]
[29 145 67][70 172 85][89 171 88][130 111 13][237 192 31][242 173 27][254 114 48][253 139 85][250 131 28][222 168 13][181 133 32][227 176 26][144 68 10][161 107 6][154 82 4][138 62 12][251 114 24][178 70 22][184 47 28][246 118 105][143 43 38][88 20 30][62 32 59][19 20 46][44 52 97][68 104 170][90 125 185][56 134 113][29 100 166][67 131 211]
[16 97 60][49 156 76][50 117 56][152 123 2][246 197 23][248 154 20][254 109 38][254 122 49][231 110 40][28 34 34][201 163 27][234 199 61][203 145 3][130 79 4][151 30 10][226 80 23][253 137 85][254 121 53][244 74 46][247 94 77][215 52 40][40 23 46][62 59 102][25 40 91][56 69 123][32 61 117][44 102 112][60 145 107][45 103 162][42 110 192]
