[255 253 201][255 253 201][255 253 201][255 253 201][255 253 201][255 253 201][255 253 201][255 253 201][255 253 201][255 253 201][255 253 201][255 253 201][234 227 174][143 129 86][125 113 76][145 134 92][208 206 163][255 253 201][255 253 201][255 253 201][255 253 201][255 253 201][255 253 201][255 253 201][255 253 201][255 253 201][255 253 201][255 253 201][255 253 201][255 253 201]
[255 253 201][255 253 201][255 253 201][255 253 201][255 253 201][255 253 201][255 253 201][255 253 201][255 253 201][255 253 201][255 253 201][202 199 156][83 57 14][101 62 0][78 48 0][108 66 0][97 62 5][185 182 142][255 253 201][255 253 201][255 253 201][255 253 201][255 253 201][255 253 201][255 253 201][255 253 201][255 253 201][255 253 201][255 253 201][255 253 201]
[255 253 201][255 253 201][255 253 201][255 253 201][255 253 201][255 253 201][255 253 201][255 253 201][255 253 201][255 253 201][185 181 140][89 56 2][108 66 0][108 66 0][100 61 0][108 66 0][108 66 0][106 85 42][250 248 197][255 253 201][255 253 201][255 253 201][255 253 201][255 253 201][255 253 201][255 253 201][255 253 201][255 253 201][255 253 201][255 253 201]
[255 253 201][255 253 201][255 253 201][255 253 201][255 253 201][255 253 201][255 253 201][255 253 201][255 253 201][207 204 161][96 66 15][108 66 0][108 66 0][108 66 0][108 66 0][108 66 0][108 66 0][104 64 0][172 166 126][255 253 201][255 253 201][255 253 201][255 253 201][255 253 201][255 253 201][255 253 201][255 253 201][255 253 201][255 253 201][255 253 201]
[255 253 201][255 253 201][255 253 201][255 253 201][255 253 201][255 253 201][255 253 201][255 253 201][239 237 188][93 68 24][108 66 0][108 66 0][108 66 0][108 66 0][82 50 0][108 66 0][108 66 0][108 66 0][103 81 39][255 253 201][255 253 201][255 253 201][255 253 201][255 253 201][255 253 201][255 253 201][255 253 201][255 253 201][255 253 201][255 253 201]
[255 253 201][255 253 201][255 253 201][255 253 201][255 253 201][255 253 201][255 253 201][255 253 201][190 188 149][112 71 6][108 66 0][108 66 0][108 66 0][108 66 0][79 48 0][108 66 0][108 66 0][108 66 0][94 58 0][214 213 169][255 253 201][255 253 201][255 253 201][255 253 201][255 253 201][255 253 201][255 253 201][255 253 201][255 253 201][255 253 201]
[255 253 201][255 253 201][255 253 201][255 253 201][255 253 201][255 253 201][255 253 201][255 253 201][188 185 146][108 66 0][108 66 0][108 66 0][108 66 0][108 66 0][81 49 0][108 66 0][108 66 0][108 66 0][108 66 0][187 186 147][255 253 201][255 253 201][255 253 201][255 253 201][255 253 201][255 253 201][255 253 201][255 253 201][255 253 201][255 253 201]
[255 253 201][255 253 201][255 253 201][255 253 201][255 253 201][255 253 201][255 253 201][255 253 201][191 189 149][104 64 0][108 66 0][108 66 0][108 66 0][108 66 0][77 47 0][108 66 0][108 66 0][108 66 0][91 58 5][221 219 174][255 253 201][255 253 201][255 253 201][255 253 201][255 253 201][255 253 201][255 253 201][255 253 201][255 253 201][255 253 201]
[255 253 201][255 253 201][255 253 201][255 253 201][255 253 201][255 253 201][255 253 201][255 253 201][248 246 195][83 60 19][108 66 0][108 66 0][108 66 0][96 59 0][85 52 0][108 66 0][107 65 0][101 61 0][125 112 74][255 253 201][255 253 201][255 253 201][255 253 201][255 253 201][255 253 201][255 253 201][255 253 201][255 253 201][255 253 201][255 253 201]
[255 253 201][255 253 201][255 253 201][255 253 201][255 253 201][255 253 201][255 253 201][255 253 201][255 253 201][222 219 172][109 91 54][111 79 36][110 80 39][132 102 67][129 99 62][131 100 62][133 102 64][132 121 90][251 249 198][255 253 201][255 253 201][255 253 201][255 253 201][255 253 201][255 253 201][255 253 201][255 253 201][255 253 201][255 253 201][255 253 201]
[255 253 201][255 253 201][255 253 201][255 253 201][255 253 201][255 253 201][255 253 201][255 253 201][255 253 201][255 253 201][178 172 135][198 156 109][198 156 109][198 156 109][198 156 109][198 156 109][198 156 109][174 160 122][255 253 201][255 253 201][255 253 201][255 253 201][255 253 201][255 253 201][255 253 201][255 253 201][255 253 201][255 253 201][255 253 201][255 253 201]
[255 253 201][255 253 201][255 253 201][255 253 201][255 253 201][255 253 201][255 253 201][255 253 201][255 253 201][255 253 201][189 185 146][198 156 109][198 156 109][198 156 109][198 156 109][198 156 109][198 156 109][173 158 121][255 253 201][255 253 201][255 253 201][255 253 201][255 253 201][255 253 201][255 253 201][255 253 201][255 253 201][255 253 201][255 253 201][255 253 201]
[255 253 201][255 253 201][255 253 201][255 253 201][255 253 201][255 253 201][255 253 201][255 253 201][255 253 201][255 253 201][186 183 144][198 156 109][198 156 109][198 156 109][198 156 109][198 156 109][198 156 109][173 158 121][255 253 201][255 253 201][255 253 201][255 253 201][255 253 201][255 253 201][255 253 201][255 253 201][255 253 201][255 253 201][255 253 201][255 253 201]
[255 253 201][255 253 201][255 253 201][255 253 201][255 253 201][255 253 201][255 253 201][255 253 201][255 253 201][255 253 201][183 177 138][198 156 109][198 156 109][198 156 109][198 156 109][198 156 109][198 156 109][174 161 123][255 253 201][255 253 201][255 253 201][255 253 201][255 253 201][255 253 201][255 253 201][255 253 201][255 253 201][255 253 201][255 253 201][255 253 201]
[255 253 201][255 253 201][255 253 201][255 253 201][255 253 201][255 253 201][255 253 201][255 253 201][255 253 201][255 253 201][182 175 137][198 156 109][198 156 109][198 156 109][198 156 109][198 156 109][198 156 109][176 164 127][255 253 201][255 253 201][255 253 201][255 253 201][255 253 201][255 253 201][255 253 201][255 253 201][255 253 201][255 253 201][255 253 201][255 253 201]
[255 253 201][255 253 201][255 253 201][255 253 201][255 253 201][255 253 201][255 253 201][255 253 201][255 253 201][255 253 201][179 168 130][198 156 109][198 156 109][198 156 109][198 156 109][198 156 109][198 156 109][174 164 126][255 253 201][255 253 201][255 253 201][255 253 201][255 253 201][255 253 201][255 253 201][255 253 201][255 253 201][255 253 201][255 253 201][255 253 201]
[255 253 201][255 253 201][255 253 201][255 253 201][255 253 201][255 253 201][255 253 201][255 253 201][255 253 201][255 253 201][179 168 130][198 156 109][198 156 109][198 156 109][198 156 109][198 156 109][198 156 109][167 153 117][255 253 201][255 253 201][255 253 201][255 253 201][255 253 201][255 253 201][255 253 201][255 253 201][255 253 201][255 253 201][255 253 201][255 253 201]
[255 253 201][255 253 201][255 253 201][255 253 201][255 253 201][255 253 201][255 253 201][255 253 201][255 253 201][255 253 201][178 167 129][198 156 109][198 156 109][198 156 109][198 156 109][198 156 109][198 156 109][167 150 113][255 253 201][255 253 201][255 253 201][255 253 201][255 253 201][255 253 201][255 253 201][255 253 201][255 253 201][255 253 201][255 253 201][255 253 201]
[255 253 201][255 253 201][255 253 201][255 253 201][255 253 201][255 253 201][255 253 201][255 253 201][255 253 201][255 253 201][174 163 126][198 156 109][198 156 109][198 156 109][198 156 109][198 156 109][198 156 109][169 151 114][255 253 201][255 253 201][255 253 201][255 253 201][255 253 201][255 253 201][255 253 201][255 253 201][255 253 201][255 253 201][255 253 201][255 253 201]
[255 253 201][255 253 201][255 253 201][255 253 201][255 253 201][255 253 201][255 253 201][255 253 201][255 253 201][255 253 201][177 166 128][198 156 109][198 156 109][198 156 109][198 156 109][198 156 109][198 156 109][169 151 114][255 253 201][255 253 201][255 253 201][255 253 201][255 253 201][255 253 201][255 253 201][255 253 201][255 253 201][255 253 201][255 253 201][255 253 201]
[255 253 201][255 253 201][255 253 201][255 253 201][255 253 201][255 253 201][255 253 201][255 253 201][255 253 201][255 253 201][178 166 128][198 156 109][198 156 109][198 156 109][198 156 109][198 156 109][198 156 109][165 149 112][255 253 201][255 253 201][255 253 201][255 253 201][255 253 201][255 253 201][255 253 201][255 253 201][255 253 201][255 253 201][255 253 201][255 253 201]
[255 253 201][255 253 201][255 253 201][255 253 201][255 253 201][255 253 201][255 253 201][255 253 201][255 253 201][255 253 201][178 166 128][198 156 109][198 156 109][198 156 109][198 156 109][198 156 109][198 156 109][179 167 129][255 253 201][255 253 201][255 253 201][255 253 201][255 253 201][255 253 201][255 253 201][255 253 201][255 253 201][255 253 201][255 253 201][255 253 201]
[255 253 201][255 253 201][255 253 201][255 253 201][255 253 201][255 253 201][255 253 201][247 245 195][234 232 185][255 253 201][170 157 120][187 147 103][198 156 109][157 124 86][196 154 108][163 128 89][198 156 109][177 170 132][252 250 199][255 253 201][254 252 200][255 253 201][255 253 201][255 253 201][255 253 201][255 253 201][255 253 201][255 253 201][255 253 201][255 253 201]
[255 253 201][255 253 201][255 253 201][255 253 201][255 253 201][255 253 201][249 245 193][148 141 110][129 113 84][157 137 101][148 122 88][150 118 83][198 156 109][154 121 85][177 139 97][185 145 101][189 149 104][124 101 72][123 108 81][170 163 127][170 169 134][255 253 201][255 253 201][255 253 201][255 253 201][255 253 201][255 253 201][255 253 201][255 253 201][255 253 201]
[255 253 201][255 253 201][255 253 201][255 253 201][255 253 201][228 226 179][117 99 72][160 126 88][159 125 87][174 137 96][198 156 109][152 119 83][194 152 106][198 156 109][198 156 109][196 154 107][138 109 76][198 156 109][190 150 104][195 154 107][115 96 69][196 191 151][197 195 155][240 238 189][255 253 201][255 253 201][255 253 201][255 253 201][255 253 201][255 253 201]
[255 253 201][255 253 201][255 253 201][255 253 201][255 253 201][122 113 87][141 111 77][160 126 88][198 156 109][137 108 75][198 156 109][198 156 109][152 120 84][189 149 104][144 113 79][198 156 109][154 121 84][198 156 109][186 146 102][100 79 55][194 153 107][145 115 80][168 163 128][255 253 201][255 253 201][255 253 201][255 253 201][255 253 201][255 253 201][255 253 201]
[255 253 201][255 253 201][255 253 201][255 253 201][255 253 201][146 121 87][198 156 109][154 121 85][198 156 109][126 99 69][194 153 107][198 156 109][154 121 84][198 156 109][157 124 86][169 133 93][153 120 84][198 156 109][194 153 106][106 83 58][176 139 97][157 124 86][153 133 99][255 253 201][255 253 201][255 253 201][255 253 201][255 253 201][255 253 201][255 253 201]
[255 253 201][255 253 201][255 253 201][255 253 201][246 238 187][121 95 66][170 134 93][198 156 109][198 156 109][191 150 105][187 147 102][198 156 109][177 140 97][198 156 109][198 156 109][148 117 81][160 126 88][196 154 107][160 126 88][186 146 102][177 139 97][198 156 109][168 133 93][217 215 171][255 253 201][255 253 201][255 253 201][255 253 201][255 253 201][255 253 201]
[255 253 201][255 253 201][255 253 201][255 253 201][238 225 174][149 118 82][169 133 93][159 125 87][188 148 103][185 145 101][198 156 109][167 131 92][198 156 109][198 156 109][198 156 109][149 117 82][198 156 109][198 156 109][196 154 107][153 120 84][198 156 109][164 129 90][145 114 80][128 123 97][253 251 199][255 253 201][255 253 201][255 253 201][255 253 201][255 253 201]
[255 253 201][255 253 201][255 253 201][255 253 201][198 192 151][168 132 92][198 156 109][173 136 95][143 113 79][197 155 108][198 156 109][164 129 90][184 145 101][198 156 109][196 154 108][141 111 77][198 156 109][198 156 109][150 118 82][193 152 106][198 156 109][198 156 109][198 156 109][167 153 116][255 253 201][255 253 201][255 253 201][255 253 201][255 253 201][255 253 201]
