[251 251 250][251 251 250][211 189 165][212 190 166][214 192 168][215 193 169][214 192 168][215 193 169][215 193 169][215 193 169][216 194 170][216 194 170][217 195 172][219 197 174][219 197 174][216 196 172][216 196 172][221 201 178][228 208 184][225 207 183][226 208 184][232 211 187][228 206 182][225 203 179][224 202 178][224 202 178][225 203 179][225 203 179][225 204 179][225 203 179]
[251 250 250][251 250 250][210 189 164][212 190 166][213 191 167][213 191 167][214 191 167][215 193 169][214 192 168][214 192 168][215 193 169][216 194 171][217 195 172][216 195 171][216 194 171][222 201 178][229 209 185][204 184 160][185 166 142][179 161 137][170 153 129][168 147 123][189 166 142][224 203 179][232 210 186][223 201 177][224 202 178][225 203 179][226 204 180][226 204 180]
[251 250 250][251 250 250][210 188 164][211 189 165][213 191 167][214 192 168][213 191 167][214 192 168][213 191 167][215 193 169][215 193 169][213 191 168][219 198 175][210 188 166][228 205 182][200 179 155][119 98 74][73 52 28][71 51 27][80 62 38][61 43 19][75 53 29][95 72 48][123 100 76][163 140 116][223 201 176][230 208 184][223 201 177][225 203 180][227 205 181]
[251 250 250][251 250 250][209 189 163][210 189 162][212 191 164][213 191 165][213 190 164][214 192 165][218 194 168][211 188 162][218 194 169][216 191 166][216 191 167][229 208 185][163 144 123][76 60 42][54 39 21][69 54 35][65 49 28][52 33 11][63 44 21][58 42 25][71 55 39][78 61 43][87 68 48][122 103 81][206 186 162][227 205 181][224 203 178][226 203 178]
[251 250 250][251 250 250][208 190 160][209 189 160][210 189 160][211 189 161][214 189 161][215 190 163][213 187 161][216 191 164][214 189 162][222 196 169][222 196 170][139 118 94][58 41 21][59 45 30][74 61 48][78 63 49][65 46 29][42 18 0][57 31 10][33 18 7][33 22 15][70 55 45][91 73 59][79 60 43][109 89 67][217 197 173][226 205 180][220 200 175]
[251 250 250][251 250 250][209 188 161][210 188 162][209 189 162][212 189 163][212 187 161][211 188 162][210 187 160][213 190 164][214 191 164][211 189 165][116 92 72][64 39 20][71 47 31][72 47 32][73 47 31][63 33 17][83 49 32][109 72 54][111 71 53][72 43 29][42 18 6][64 37 24][89 63 45][96 70 50][76 52 30][139 117 94][233 214 190][227 211 187]
[251 250 250][251 250 250][210 187 162][211 187 162][210 188 164][209 187 163][211 189 165][207 186 162][212 191 166][209 188 163][219 198 172][111 90 71][52 31 20][69 44 31][77 46 32][76 38 22][76 34 14][115 68 48][150 100 81][183 132 114][187 134 118][164 117 100][114 69 50][63 19 0][84 44 22][107 70 47][94 63 40][84 59 37][202 185 165][133 120 104]
[251 250 250][251 250 250][211 185 162][211 186 162][209 187 163][209 187 163][208 189 163][207 189 163][205 187 162][218 199 174][194 173 148][66 48 31][69 54 46][71 49 37][89 55 38][77 34 12][127 75 51][176 119 96][187 127 105][186 126 107][183 123 105][187 126 102][189 127 101][136 77 50][97 41 16][107 59 34][101 63 39][93 66 47][95 79 64][27 19 10]
[251 250 250][251 250 250][209 182 160][210 184 161][210 186 163][210 188 164][206 187 162][209 190 165][209 190 165][216 195 170][164 140 116][66 48 30][58 46 36][71 51 38][72 40 21][120 76 51][180 128 99][189 130 102][195 135 109][199 138 116][185 124 104][188 118 92][196 122 91][189 118 88][159 95 66][123 67 40][96 52 28][88 58 39][59 43 30][24 18 8]
[251 250 250][251 250 250][208 180 157][209 182 159][211 186 161][208 188 162][209 189 163][211 190 165][209 185 161][220 195 171][140 111 88][56 32 13][54 38 22][50 28 9][83 50 28][150 108 82][164 115 85][160 106 77][168 111 84][173 116 90][186 127 102][195 122 94][198 120 88][195 120 87][187 118 85][179 118 89][122 75 50][56 24 5][50 33 22][21 15 10]
[251 250 250][251 250 250][208 179 153][208 181 155][210 184 157][208 186 158][208 188 159][210 187 159][212 185 159][225 194 169][121 83 60][68 34 12][64 36 12][69 38 13][135 99 73][167 125 99][143 96 69][132 82 55][127 72 46][107 51 24][135 78 50][190 120 89][195 120 87][198 125 90][197 128 93][191 131 98][160 111 84][70 36 18][37 18 8][22 15 12]
[251 250 250][251 250 250][207 177 149][207 180 151][208 183 153][207 185 154][208 186 155][211 185 156][212 181 153][221 183 157][144 100 77][124 78 52][105 58 27][127 79 51][180 134 109][171 126 101][152 106 82][131 83 59][146 92 67][140 84 56][119 59 30][149 85 54][190 121 89][185 115 82][174 107 73][180 119 86][163 112 84][82 46 27][40 17 8][20 10 8]
[251 250 250][251 250 250][206 176 146][206 179 148][207 182 151][206 183 151][208 185 152][210 182 152][215 180 152][226 184 159][176 127 104][130 73 45][146 85 51][174 116 86][181 128 102][181 132 109][170 122 102][129 79 58][107 52 29][118 58 33][132 70 42][160 96 67][189 125 94][153 87 54][134 70 36][123 64 32][128 78 53][67 30 12][36 13 3][29 15 12]
[251 250 250][251 250 250][205 175 147][204 176 147][205 178 148][207 181 148][207 181 147][211 182 150][214 179 149][221 179 154][170 124 101][139 89 61][160 106 73][179 124 93][180 124 96][187 128 103][191 131 108][180 120 96][158 96 73][158 96 71][161 99 74][173 114 88][193 132 103][125 62 29][133 72 38][160 109 81][122 84 65][51 20 9][34 4 0][75 40 24]
[251 250 250][251 250 250][202 175 149][202 176 148][203 178 148][205 181 147][206 180 146][209 182 148][210 178 148][213 176 149][153 112 88][166 121 95][169 120 89][170 117 86][179 122 93][185 123 95][189 124 97][195 130 103][185 121 96][172 109 84][165 103 78][175 117 92][210 149 120][148 84 51][114 54 20][136 88 62][124 90 74][35 7 1][53 18 5][99 51 28]
[251 250 250][251 250 250][201 175 151][201 175 149][202 178 148][202 179 148][203 180 147][205 179 147][205 175 146][221 188 162][146 109 86][100 58 32][160 111 80][167 115 84][175 120 90][176 116 88][175 113 85][176 113 85][161 97 72][145 81 55][166 104 78][178 116 89][197 132 103][193 125 90][169 106 73][165 116 89][121 84 68][39 9 2][72 35 19][94 44 20]
[250 250 250][250 250 250][201 174 149][200 175 147][201 177 146][201 177 146][201 177 145][205 177 147][204 175 146][209 178 151][199 166 143][113 74 48][141 93 63][167 116 86][172 118 88][169 111 83][166 106 78][148 86 58][163 98 71][171 107 80][143 78 51][140 73 47][148 78 49][173 102 69][183 119 86][188 139 112][121 84 69][38 7 0][88 47 32][114 59 35]
[250 250 250][250 250 250][202 172 145][201 173 144][201 175 143][202 175 142][204 176 142][204 176 143][205 176 146][203 173 145][215 184 158][184 145 119][161 113 84][167 118 88][168 115 87][170 115 88][160 103 75][130 68 40][151 87 60][178 113 87][157 91 65][157 86 59][162 91 59][161 91 57][169 106 73][189 140 113][70 37 27][31 3 3][102 59 43][132 73 49]
[250 250 250][250 250 250][204 173 146][204 174 146][202 172 143][203 173 141][206 175 144][205 174 143][202 172 144][202 174 149][205 177 154][176 140 115][168 120 93][163 115 88][160 110 80][165 112 84][173 116 88][141 81 52][116 53 25][144 79 51][169 102 76][169 98 71][177 104 73][166 98 62][164 105 71][160 116 90][38 9 0][35 8 7][105 63 48][144 85 61]
[250 250 250][250 250 250][195 167 147][195 168 146][196 169 146][197 170 147][196 171 147][199 172 150][198 175 154][201 180 162][173 154 139][151 120 100][170 124 97][158 113 84][153 105 77][161 112 83][173 119 90][184 127 97][168 106 77][141 76 46][160 92 64][166 96 67][127 57 26][160 94 60][170 115 82][160 122 99][30 7 4][21 0 0][106 70 54][148 91 67]
[250 250 250][250 250 250][182 166 156][186 169 159][189 172 160][190 173 162][191 174 162][189 173 164][181 168 160][167 158 152][137 131 129][146 123 110][173 128 102][154 109 81][145 100 71][159 113 83][175 124 93][175 119 89][178 116 87][180 114 84][169 100 71][163 95 67][179 114 84][180 120 86][173 125 95][205 174 153][43 25 15][74 56 49][108 76 61][131 79 55]
[250 250 250][250 250 250][164 160 162][171 166 167][160 155 156][150 144 146][153 148 150][137 132 136][142 142 148][129 132 140][119 127 138][145 130 126][173 128 102][157 111 84][138 94 65][141 95 65][163 112 81][179 123 92][187 125 96][186 118 89][191 120 91][193 126 98][181 117 87][170 113 79][205 162 131][239 215 194][94 85 76][93 83 77][151 126 114][101 53 29]
[250 250 250][250 250 250][148 151 164][153 157 168][136 139 151][119 121 133][129 131 143][115 119 131][137 145 158][139 150 166][124 140 158][137 128 129][168 124 101][165 119 94][145 99 71][134 86 57][139 90 61][156 105 76][165 109 83][183 123 95][189 126 98][175 115 88][171 119 91][219 177 151][229 198 176][197 176 158][171 155 140][61 43 29][67 36 19][96 51 27]
[250 250 250][250 250 250][131 143 159][130 139 155][108 115 131][112 119 133][116 124 136][108 115 131][131 140 157][148 159 177][119 134 155][127 120 126][160 122 104][169 123 100][158 108 80][145 94 66][130 82 59][126 83 62][131 91 71][138 96 76][150 104 82][184 143 117][191 163 141][130 116 106][86 77 72][37 22 17][102 69 48][137 92 62][109 60 32][102 60 38]
[250 250 250][250 250 250][114 127 143][121 131 146][119 127 142][112 119 132][112 119 132][110 117 132][116 127 143][118 130 147][114 129 149][128 123 131][151 118 105][164 122 101][163 114 86][159 106 76][152 103 78][138 96 76][125 89 72][131 95 80][183 148 131][130 100 82][48 30 20][4 0 0][5 4 7][12 2 1][83 53 37][128 83 57][109 61 35][96 55 34]
[250 250 250][250 250 250][129 138 155][106 115 130][110 119 132][111 118 131][115 121 135][110 119 131][124 134 149][121 132 150][116 132 149][131 131 140][146 119 110][158 120 102][162 114 87][161 107 76][153 104 77][158 117 96][149 117 104][182 155 146][96 73 67][11 0 0][13 6 4][11 15 21][9 13 22][9 5 5][62 39 27][123 82 61][107 61 36][87 44 22]
[250 250 250][250 250 250][129 138 153][118 126 142][107 115 129][133 139 152][130 136 149][92 100 113][112 121 136][129 140 157][116 129 148][125 127 138][142 122 117][154 120 105][164 116 92][164 112 81][154 105 77][150 111 92][126 100 91][93 77 75][7 0 0][25 17 16][8 10 11][6 13 23][3 10 22][8 4 9][40 18 11][111 73 52][110 62 36][95 46 19]
[250 250 250][250 250 250][120 128 143][117 125 139][114 121 134][126 131 144][150 156 168][103 108 122][98 106 121][126 138 154][118 131 150][136 140 153][134 121 121][146 118 107][158 115 94][164 115 86][167 120 96][134 101 86][69 50 44][73 64 68][37 35 41][1 1 4][11 12 17][3 9 18][7 13 21][11 5 8][27 5 2][107 67 47][118 65 37][106 48 15]
[250 250 249][250 250 249][116 123 138][116 123 137][118 124 137][115 120 132][114 118 130][120 127 139][134 141 155][111 120 137][117 130 146][127 132 146][136 129 132][141 120 114][143 108 91][161 119 97][151 114 94][98 73 62][58 45 44][92 89 95][115 115 125][45 45 49][2 1 4][10 11 17][9 9 14][17 7 8][20 0 0][89 50 33][123 69 39][117 53 16]
[250 250 249][250 250 249][110 118 131][135 142 155][133 138 150][118 121 133][122 126 137][119 123 135][134 141 155][122 131 147][116 127 145][112 119 134][138 135 142][172 157 154][143 117 105][132 100 85][113 87 74][70 54 47][85 78 80][88 86 94][102 102 111][98 97 102][46 44 46][2 0 5][14 10 14][18 9 9][21 1 0][56 22 10][120 70 45][115 52 16]
